2.000000	110.000000
2.002000	109.780329
2.004000	109.561097
2.006000	109.342301
2.008000	109.123940
2.010000	108.906014
2.012000	108.688520
2.014000	108.471458
2.016000	108.254827
2.018000	108.038624
2.020000	107.822849
2.022000	107.607500
2.024000	107.392577
2.026000	107.178077
2.028000	106.964000
2.030000	106.750344
2.032000	106.537109
2.034000	106.324293
2.036000	106.111894
2.038000	105.899912
2.040000	105.688345
2.042000	105.477192
2.044000	105.266452
2.046000	105.056123
2.048000	104.846205
2.050000	104.636696
2.052000	104.427595
2.054000	104.218901
2.056000	104.010612
2.058000	103.802728
2.060000	103.595247
2.062000	103.388169
2.064000	103.181491
2.066000	102.975213
2.068000	102.769333
2.070000	102.563851
2.072000	102.358766
2.074000	102.154075
2.076000	101.949779
2.078000	101.745875
2.080000	101.542363
2.082000	101.339242
2.084000	101.136510
2.086000	100.934167
2.088000	100.732211
2.090000	100.530641
2.092000	100.329456
2.094000	100.128655
2.096000	99.928236
2.098000	99.728200
2.100000	99.528544
2.102000	99.329268
2.104000	99.130370
2.106000	98.931850
2.108000	98.733706
2.110000	98.535938
2.112000	98.338543
2.114000	98.141522
2.116000	97.944873
2.118000	97.748594
2.120000	97.552686
2.122000	97.357147
2.124000	97.161976
2.126000	96.967171
2.128000	96.772732
2.130000	96.578659
2.132000	96.384948
2.134000	96.191601
2.136000	95.998616
2.138000	95.805991
2.140000	95.613725
2.142000	95.421819
2.144000	95.230270
2.146000	95.039078
2.148000	94.848242
2.150000	94.657760
2.152000	94.467632
2.154000	94.277857
2.156000	94.088434
2.158000	93.899361
2.160000	93.710638
2.162000	93.522264
2.164000	93.334238
2.166000	93.146559
2.168000	92.959226
2.170000	92.772238
2.172000	92.585593
2.174000	92.399292
2.176000	92.213333
2.178000	92.027716
2.180000	91.842438
2.182000	91.657500
2.184000	91.472900
2.186000	91.288638
2.188000	91.104712
2.190000	90.921122
2.192000	90.737867
2.194000	90.554945
2.196000	90.372357
2.198000	90.190100
2.200000	90.008174
2.202000	89.826579
2.204000	89.645313
2.206000	89.464375
2.208000	89.283765
2.210000	89.103481
2.212000	88.923523
2.214000	88.743890
2.216000	88.564581
2.218000	88.385595
2.220000	88.206931
2.222000	88.028588
2.224000	87.850566
2.226000	87.672864
2.228000	87.495480
2.230000	87.318414
2.232000	87.141665
2.234000	86.965233
2.236000	86.789115
2.238000	86.613313
2.240000	86.437823
2.242000	86.262647
2.244000	86.087783
2.246000	85.913230
2.248000	85.738987
2.250000	85.565053
2.252000	85.391429
2.254000	85.218112
2.256000	85.045102
2.258000	84.872398
2.260000	84.700000
2.262000	84.527906
2.264000	84.356117
2.266000	84.184630
2.268000	84.013445
2.270000	83.842562
2.272000	83.671979
2.274000	83.501696
2.276000	83.331712
2.278000	83.162026
2.280000	82.992638
2.282000	82.823546
2.284000	82.654751
2.286000	82.486250
2.288000	82.318044
2.290000	82.150131
2.292000	81.982511
2.294000	81.815183
2.296000	81.648146
2.298000	81.481400
2.300000	81.314944
2.302000	81.148776
2.304000	80.982897
2.306000	80.817305
2.308000	80.652000
2.310000	80.486981
2.312000	80.322247
2.314000	80.157798
2.316000	79.993632
2.318000	79.829750
2.320000	79.666150
2.322000	79.502831
2.324000	79.339794
2.326000	79.177036
2.328000	79.014558
2.330000	78.852358
2.332000	78.690437
2.334000	78.528793
2.336000	78.367425
2.338000	78.206333
2.340000	78.045517
2.342000	77.884974
2.344000	77.724706
2.346000	77.564710
2.348000	77.404987
2.350000	77.245536
2.352000	77.086355
2.354000	76.927445
2.356000	76.768804
2.358000	76.610432
2.360000	76.452329
2.362000	76.294492
2.364000	76.136923
2.366000	75.979620
2.368000	75.822582
2.370000	75.665809
2.372000	75.509301
2.374000	75.353056
2.376000	75.197073
2.378000	75.041353
2.380000	74.885894
2.382000	74.730696
2.384000	74.575759
2.386000	74.421080
2.388000	74.266661
2.390000	74.112500
2.392000	73.958596
2.394000	73.804950
2.396000	73.651560
2.398000	73.498425
2.400000	73.345545
2.402000	73.192920
2.404000	73.040549
2.406000	72.888430
2.408000	72.736564
2.410000	72.584950
2.412000	72.433587
2.414000	72.282475
2.416000	72.131613
2.418000	71.981000
2.420000	71.830636
2.422000	71.680520
2.424000	71.530651
2.426000	71.381030
2.428000	71.231654
2.430000	71.082525
2.432000	70.933640
2.434000	70.785000
2.436000	70.636604
2.438000	70.488451
2.440000	70.340541
2.442000	70.192872
2.444000	70.045446
2.446000	69.898260
2.448000	69.751314
2.450000	69.604608
2.452000	69.458142
2.454000	69.311914
2.456000	69.165924
2.458000	69.020171
2.460000	68.874655
2.462000	68.729375
2.464000	68.584331
2.466000	68.439522
2.468000	68.294947
2.470000	68.150607
2.472000	68.006500
2.474000	67.862625
2.476000	67.718983
2.478000	67.575573
2.480000	67.432393
2.482000	67.289444
2.484000	67.146726
2.486000	67.004236
2.488000	66.861976
2.490000	66.719944
2.492000	66.578140
2.494000	66.436563
2.496000	66.295212
2.498000	66.154088
2.500000	66.013189
2.502000	65.872516
2.504000	65.732067
2.506000	65.591842
2.508000	65.451841
2.510000	65.312062
2.512000	65.172506
2.514000	65.033172
2.516000	64.894059
2.518000	64.755167
2.520000	64.616495
2.522000	64.478043
2.524000	64.339810
2.526000	64.201796
2.528000	64.064000
2.530000	63.926422
2.532000	63.789061
2.534000	63.651916
2.536000	63.514988
2.538000	63.378276
2.540000	63.241778
2.542000	63.105495
2.544000	62.969427
2.546000	62.833571
2.548000	62.697929
2.550000	62.562500
2.552000	62.427283
2.554000	62.292277
2.556000	62.157482
2.558000	62.022898
2.560000	61.888525
2.562000	61.754360
2.564000	61.620405
2.566000	61.486659
2.568000	61.353121
2.570000	61.219790
2.572000	61.086667
2.574000	60.953750
2.576000	60.821040
2.578000	60.688535
2.580000	60.556235
2.582000	60.424141
2.584000	60.292251
2.586000	60.160564
2.588000	60.029081
2.590000	59.897801
2.592000	59.766723
2.594000	59.635847
2.596000	59.505173
2.598000	59.374700
2.600000	59.244427
2.602000	59.114355
2.604000	58.984482
2.606000	58.854808
2.608000	58.725333
2.610000	58.596057
2.612000	58.466978
2.614000	58.338096
2.616000	58.209412
2.618000	58.080924
2.620000	57.952632
2.622000	57.824535
2.624000	57.696634
2.626000	57.568927
2.628000	57.441414
2.630000	57.314096
2.632000	57.186970
2.634000	57.060038
2.636000	56.933298
2.638000	56.806750
2.640000	56.680394
2.642000	56.554228
2.644000	56.428254
2.646000	56.302470
2.648000	56.176875
2.650000	56.051471
2.652000	55.926255
2.654000	55.801227
2.656000	55.676388
2.658000	55.551737
2.660000	55.427273
2.662000	55.302995
2.664000	55.178905
2.666000	55.055000
2.668000	54.931281
2.670000	54.807747
2.672000	54.684398
2.674000	54.561233
2.676000	54.438252
2.678000	54.315455
2.680000	54.192841
2.682000	54.070410
2.684000	53.948161
2.686000	53.826094
2.688000	53.704208
2.690000	53.582504
2.692000	53.460980
2.694000	53.339636
2.696000	53.218473
2.698000	53.097489
2.700000	52.976684
2.702000	52.856058
2.704000	52.735610
2.706000	52.615340
2.708000	52.495247
2.710000	52.375332
2.712000	52.255593
2.714000	52.136031
2.716000	52.016645
2.718000	51.897434
2.720000	51.778398
2.722000	51.659537
2.724000	51.540851
2.726000	51.422339
2.728000	51.304000
2.730000	51.185835
2.732000	51.067842
2.734000	50.950022
2.736000	50.832374
2.738000	50.714898
2.740000	50.597593
2.742000	50.480459
2.744000	50.363496
2.746000	50.246703
2.748000	50.130080
2.750000	50.013626
2.752000	49.897342
2.754000	49.781226
2.756000	49.665279
2.758000	49.549500
2.760000	49.433888
2.762000	49.318444
2.764000	49.203167
2.766000	49.088056
2.768000	48.973112
2.770000	48.858333
2.772000	48.743720
2.774000	48.629272
2.776000	48.514989
2.778000	48.400871
2.780000	48.286916
2.782000	48.173125
2.784000	48.059497
2.786000	47.946033
2.788000	47.832731
2.790000	47.719592
2.792000	47.606614
2.794000	47.493798
2.796000	47.381144
2.798000	47.268650
2.800000	47.156317
2.802000	47.044144
2.804000	46.932131
2.806000	46.820278
2.808000	46.708584
2.810000	46.597048
2.812000	46.485672
2.814000	46.374453
2.816000	46.263392
2.818000	46.152489
2.820000	46.041743
2.822000	45.931154
2.824000	45.820722
2.826000	45.710446
2.828000	45.600325
2.830000	45.490360
2.832000	45.380550
2.834000	45.270896
2.836000	45.161395
2.838000	45.052049
2.840000	44.942857
2.842000	44.833819
2.844000	44.724933
2.846000	44.616201
2.848000	44.507621
2.850000	44.399194
2.852000	44.290918
2.854000	44.182794
2.856000	44.074822
2.858000	43.967000
2.860000	43.859329
2.862000	43.751809
2.864000	43.644438
2.866000	43.537218
2.868000	43.430146
2.870000	43.323224
2.872000	43.216451
2.874000	43.109826
2.876000	43.003350
2.878000	42.897021
2.880000	42.790840
2.882000	42.684806
2.884000	42.578919
2.886000	42.473179
2.888000	42.367585
2.890000	42.262137
2.892000	42.156835
2.894000	42.051678
2.896000	41.946667
2.898000	41.841800
2.900000	41.737078
2.902000	41.632500
2.904000	41.528066
2.906000	41.423776
2.908000	41.319629
2.910000	41.215625
2.912000	41.111764
2.914000	41.008045
2.916000	40.904469
2.918000	40.801034
2.920000	40.697741
2.922000	40.594590
2.924000	40.491579
2.926000	40.388709
2.928000	40.285980
2.930000	40.183390
2.932000	40.080941
2.934000	39.978631
2.936000	39.876460
2.938000	39.774429
2.940000	39.672536
2.942000	39.570781
2.944000	39.469165
2.946000	39.367687
2.948000	39.266346
2.950000	39.165142
2.952000	39.064076
2.954000	38.963146
2.956000	38.862353
2.958000	38.761696
2.960000	38.661175
2.962000	38.560789
2.964000	38.460539
2.966000	38.360425
2.968000	38.260444
2.970000	38.160599
2.972000	38.060888
2.974000	37.961310
2.976000	37.861867
2.978000	37.762557
2.980000	37.663380
2.982000	37.564336
2.984000	37.465425
2.986000	37.366647
2.988000	37.268000
2.990000	37.169485
2.992000	37.071102
2.994000	36.972850
2.996000	36.874730
2.998000	36.776740
3.000000	36.678881
3.002000	36.581152
3.004000	36.483553
3.006000	36.386084
3.008000	36.288744
3.010000	36.191534
3.012000	36.094453
3.014000	35.997500
3.016000	35.900676
3.018000	35.803980
3.020000	35.707412
3.022000	35.610972
3.024000	35.514660
3.026000	35.418474
3.028000	35.322416
3.030000	35.226484
3.032000	35.130679
3.034000	35.035000
3.036000	34.939447
3.038000	34.844020
3.040000	34.748718
3.042000	34.653541
3.044000	34.558490
3.046000	34.463563
3.048000	34.368761
3.050000	34.274083
3.052000	34.179528
3.054000	34.085098
3.056000	33.990791
3.058000	33.896608
3.060000	33.802547
3.062000	33.708610
3.064000	33.614795
3.066000	33.521102
3.068000	33.427531
3.070000	33.334082
3.072000	33.240755
3.074000	33.147549
3.076000	33.054464
3.078000	32.961500
3.080000	32.868657
3.082000	32.775934
3.084000	32.683331
3.086000	32.590848
3.088000	32.498485
3.090000	32.406242
3.092000	32.314118
3.094000	32.222112
3.096000	32.130226
3.098000	32.038458
3.100000	31.946809
3.102000	31.855277
3.104000	31.763863
3.106000	31.672568
3.108000	31.581389
3.110000	31.490328
3.112000	31.399383
3.114000	31.308556
3.116000	31.217845
3.118000	31.127250
3.120000	31.036771
3.122000	30.946408
3.124000	30.856161
3.126000	30.766029
3.128000	30.676013
3.130000	30.586111
3.132000	30.496324
3.134000	30.406652
3.136000	30.317094
3.138000	30.227650
3.140000	30.138320
3.142000	30.049103
3.144000	29.960000
3.146000	29.871010
3.148000	29.782133
3.150000	29.693369
3.152000	29.604718
3.154000	29.516179
3.156000	29.427752
3.158000	29.339437
3.160000	29.251233
3.162000	29.163142
3.164000	29.075161
3.166000	28.987292
3.168000	28.899533
3.170000	28.811885
3.172000	28.724348
3.174000	28.636921
3.176000	28.549604
3.178000	28.462396
3.180000	28.375299
3.182000	28.288310
3.184000	28.201431
3.186000	28.114661
3.188000	28.028000
3.190000	27.941447
3.192000	27.855003
3.194000	27.768667
3.196000	27.682439
3.198000	27.596319
3.200000	27.510306
3.202000	27.424401
3.204000	27.338603
3.206000	27.252911
3.208000	27.167327
3.210000	27.081849
3.212000	26.996478
3.214000	26.911213
3.216000	26.826053
3.218000	26.741000
3.220000	26.656052
3.222000	26.571210
3.224000	26.486472
3.226000	26.401840
3.228000	26.317313
3.230000	26.232890
3.232000	26.148571
3.234000	26.064357
3.236000	25.980247
3.238000	25.896241
3.240000	25.812338
3.242000	25.728539
3.244000	25.644843
3.246000	25.561250
3.248000	25.477760
3.250000	25.394373
3.252000	25.311088
3.254000	25.227905
3.256000	25.144825
3.258000	25.061847
3.260000	24.978970
3.262000	24.896195
3.264000	24.813521
3.266000	24.730949
3.268000	24.648477
3.270000	24.566106
3.272000	24.483836
3.274000	24.401667
3.276000	24.319597
3.278000	24.237628
3.280000	24.155759
3.282000	24.073989
3.284000	23.992319
3.286000	23.910748
3.288000	23.829277
3.290000	23.747904
3.292000	23.666630
3.294000	23.585455
3.296000	23.504378
3.298000	23.423400
3.300000	23.342520
3.302000	23.261737
3.304000	23.181053
3.306000	23.100466
3.308000	23.019976
3.310000	22.939583
3.312000	22.859288
3.314000	22.779089
3.316000	22.698987
3.318000	22.618982
3.320000	22.539073
3.322000	22.459260
3.324000	22.379543
3.326000	22.299922
3.328000	22.220396
3.330000	22.140966
3.332000	22.061632
3.334000	21.982392
3.336000	21.903247
3.338000	21.824198
3.340000	21.745242
3.342000	21.666382
3.344000	21.587615
3.346000	21.508943
3.348000	21.430364
3.350000	21.351879
3.352000	21.273488
3.354000	21.195191
3.356000	21.116986
3.358000	21.038875
3.360000	20.960857
3.362000	20.882931
3.364000	20.805098
3.366000	20.727357
3.368000	20.649709
3.370000	20.572153
3.372000	20.494689
3.374000	20.417316
3.376000	20.340036
3.378000	20.262846
3.380000	20.185748
3.382000	20.108741
3.384000	20.031825
3.386000	19.955000
3.388000	19.878265
3.390000	19.801621
3.392000	19.725068
3.394000	19.648604
3.396000	19.572231
3.398000	19.495947
3.400000	19.419753
3.402000	19.343649
3.404000	19.267634
3.406000	19.191708
3.408000	19.115871
3.410000	19.040123
3.412000	18.964464
3.414000	18.888893
3.416000	18.813411
3.418000	18.738018
3.420000	18.662712
3.422000	18.587494
3.424000	18.512364
3.426000	18.437322
3.428000	18.362367
3.430000	18.287500
3.432000	18.212720
3.434000	18.138027
3.436000	18.063421
3.438000	17.988901
3.440000	17.914468
3.442000	17.840122
3.444000	17.765862
3.446000	17.691688
3.448000	17.617600
3.450000	17.543598
3.452000	17.469682
3.454000	17.395851
3.456000	17.322105
3.458000	17.248445
3.460000	17.174870
3.462000	17.101380
3.464000	17.027975
3.466000	16.954654
3.468000	16.881418
3.470000	16.808266
3.472000	16.735199
3.474000	16.662215
3.476000	16.589316
3.478000	16.516500
3.480000	16.443768
3.482000	16.371119
3.484000	16.298554
3.486000	16.226072
3.488000	16.153673
3.490000	16.081357
3.492000	16.009124
3.494000	15.936974
3.496000	15.864906
3.498000	15.792920
3.500000	15.721017
3.502000	15.649195
3.504000	15.577456
3.506000	15.505798
3.508000	15.434222
3.510000	15.362728
3.512000	15.291315
3.514000	15.219983
3.516000	15.148732
3.518000	15.077563
3.520000	15.006474
3.522000	14.935465
3.524000	14.864538
3.526000	14.793690
3.528000	14.722924
3.530000	14.652237
3.532000	14.581630
3.534000	14.511103
3.536000	14.440656
3.538000	14.370288
3.540000	14.300000
3.542000	14.229791
3.544000	14.159662
3.546000	14.089611
3.548000	14.019639
3.550000	13.949747
3.552000	13.879932
3.554000	13.810197
3.556000	13.740540
3.558000	13.670961
3.560000	13.601460
3.562000	13.532037
3.564000	13.462692
3.566000	13.393425
3.568000	13.324235
3.570000	13.255123
3.572000	13.186088
3.574000	13.117131
3.576000	13.048250
3.578000	12.979447
3.580000	12.910720
3.582000	12.842070
3.584000	12.773497
3.586000	12.705000
3.588000	12.636579
3.590000	12.568235
3.592000	12.499967
3.594000	12.431774
3.596000	12.363658
3.598000	12.295617
3.600000	12.227651
3.602000	12.159761
3.604000	12.091947
3.606000	12.024207
3.608000	11.956543
3.610000	11.888953
3.612000	11.821439
3.614000	11.753999
3.616000	11.686633
3.618000	11.619343
3.620000	11.552126
3.622000	11.484983
3.624000	11.417915
3.626000	11.350921
3.628000	11.284000
3.630000	11.217153
3.632000	11.150380
3.634000	11.083680
3.636000	11.017053
3.638000	10.950500
3.640000	10.884020
3.642000	10.817613
3.644000	10.751278
3.646000	10.685016
3.648000	10.618827
3.650000	10.552711
3.652000	10.486667
3.654000	10.420695
3.656000	10.354795
3.658000	10.288967
3.660000	10.223211
3.662000	10.157527
3.664000	10.091915
3.666000	10.026374
3.668000	9.960905
3.670000	9.895507
3.672000	9.830180
3.674000	9.764924
3.676000	9.699739
3.678000	9.634625
3.680000	9.569582
3.682000	9.504609
3.684000	9.439707
3.686000	9.374875
3.688000	9.310114
3.690000	9.245423
3.692000	9.180801
3.694000	9.116250
3.696000	9.051769
3.698000	8.987357
3.700000	8.923015
3.702000	8.858742
3.704000	8.794539
3.706000	8.730405
3.708000	8.666340
3.710000	8.602344
3.712000	8.538417
3.714000	8.474559
3.716000	8.410769
3.718000	8.347048
3.720000	8.283396
3.722000	8.219812
3.724000	8.156296
3.726000	8.092849
3.728000	8.029469
3.730000	7.966158
3.732000	7.902914
3.734000	7.839738
3.736000	7.776629
3.738000	7.713588
3.740000	7.650615
3.742000	7.587708
3.744000	7.524869
3.746000	7.462097
3.748000	7.399392
3.750000	7.336754
3.752000	7.274182
3.754000	7.211677
3.756000	7.149239
3.758000	7.086867
3.760000	7.024561
3.762000	6.962322
3.764000	6.900149
3.766000	6.838041
3.768000	6.776000
3.770000	6.714024
3.772000	6.652114
3.774000	6.590270
3.776000	6.528491
3.778000	6.466778
3.780000	6.405130
3.782000	6.343547
3.784000	6.282029
3.786000	6.220576
3.788000	6.159187
3.790000	6.097864
3.792000	6.036605
3.794000	5.975411
3.796000	5.914281
3.798000	5.853216
3.800000	5.792215
3.802000	5.731278
3.804000	5.670405
3.806000	5.609596
3.808000	5.548850
3.810000	5.488169
3.812000	5.427551
3.814000	5.366997
3.816000	5.306506
3.818000	5.246079
3.820000	5.185714
3.822000	5.125413
3.824000	5.065175
3.826000	5.005000
3.828000	4.944888
3.830000	4.884838
3.832000	4.824851
3.834000	4.764927
3.836000	4.705065
3.838000	4.645266
3.840000	4.585528
3.842000	4.525853
3.844000	4.466240
3.846000	4.406689
3.848000	4.347200
3.850000	4.287773
3.852000	4.228407
3.854000	4.169103
3.856000	4.109860
3.858000	4.050679
3.860000	3.991559
3.862000	3.932500
3.864000	3.873502
3.866000	3.814566
3.868000	3.755690
3.870000	3.696875
3.872000	3.638121
3.874000	3.579427
3.876000	3.520794
3.878000	3.462222
3.880000	3.403709
3.882000	3.345257
3.884000	3.286866
3.886000	3.228534
3.888000	3.170262
3.890000	3.112050
3.892000	3.053898
3.894000	2.995806
3.896000	2.937773
3.898000	2.879800
3.900000	2.821886
3.902000	2.764032
3.904000	2.706237
3.906000	2.648501
3.908000	2.590824
3.910000	2.533206
3.912000	2.475646
3.914000	2.418146
3.916000	2.360704
3.918000	2.303321
3.920000	2.245997
3.922000	2.188731
3.924000	2.131523
3.926000	2.074374
3.928000	2.017282
3.930000	1.960249
3.932000	1.903274
3.934000	1.846357
3.936000	1.789497
3.938000	1.732695
3.940000	1.675951
3.942000	1.619265
3.944000	1.562636
3.946000	1.506064
3.948000	1.449549
3.950000	1.393092
3.952000	1.336692
3.954000	1.280349
3.956000	1.224063
3.958000	1.167833
3.960000	1.111661
3.962000	1.055545
3.964000	0.999486
3.966000	0.943483
3.968000	0.887537
3.970000	0.831647
3.972000	0.775813
3.974000	0.720035
3.976000	0.664314
3.978000	0.608648
3.980000	0.553039
3.982000	0.497485
3.984000	0.441987
3.986000	0.386545
3.988000	0.331158
3.990000	0.275827
3.992000	0.220551
3.994000	0.165330
3.996000	0.110165
3.998000	0.055055
4.000000	0.000000
